Antibiotic	VME_Acc	VME_Conf_low	VME_Conf_high	ME_Acc	ME_Conf_low	ME_Conf_high	Res_Count	Sus_Count
AMC	0.17617733990147783	0.11355019554853428	0.23880448425442136	0.10550059718543907	0.0849811235527629	0.12602007081811523	874	1962
AMK	0.14345635321873948	0.11243747782258294	0.17447522861489603	0.054661324832349686	0.042375159399000446	0.06694749026569893	1722	4171
AMP	0.035663673821904746	0.02564895304161839	0.0456783946021911	0.060179141213263045	0.047985557420800726	0.07237272500572536	3729	2808
AMX	0.15063291139240506	0.10049754343690263	0.20076827934790747	0.12931334959916346	0.10042387393322262	0.1582028252651043	790	758
ATM	0.027028785168320052	0.022621508866574644	0.03143606147006546	0.1360824742268041	0.10294878793059796	0.16921616052301025	2146	485
AZM	0.06304347826086956	0.006262496824757935	0.11982445969698119	0.03757575757575758	0.029332274173839316	0.04581924097767585	460	825
CAP	0.1750231267345051	0.1073594414552733	0.24268681201373687	0.10428571428571429	0.08202462927820922	0.12654679929321935	234	700
CAZ	0.043712692471381646	0.040046459899602434	0.04737892504316086	0.07704605836537944	0.06365539545905792	0.09043672127170095	3706	1765
CEF	0.1539039039039039	0.07111549227945184	0.23669231552835596	0.05418894830659536	0.0052053575365075475	0.10317253907668317	182	166
CFM	0.07638383838383837	0.05423113650554853	0.09853654026212821	0.024719013294174797	0.009052560739663918	0.04038546584868567	497	2993
CFZ	0.049255285073670725	0.01993986217071999	0.07857070797662147	0.09448275862068964	0.025781198990707077	0.1631843182506722	1116	148
CHL	0.08041237113402061	0.0631196320364605	0.09770511023158072	0.043994872499198825	0.0381801181563922	0.049809626842005454	970	4046
CIP	0.04912426870724225	0.04048320236070535	0.05776533505377915	0.05064635540409307	0.04459692154189013	0.05669578926629601	8611	8352
CLI	0.10512032770097286	0.0824325063068938	0.12780814909505192	0.04325799285231334	0.02239206416597021	0.06412392153865647	314	1017
CLR	0.010526315789473684	-0.018699422159976824	0.03975205373892419	0.021052631578947368	-0.014741441087276676	0.05684670424517141	94	95
CPM	0.0	0.0	0.0	0.0	0.0	0.0	49	117
CRO	0.019152854511970536	0.011814091358473444	0.026491617665467627	0.023356944390091183	0.01775137121706741	0.028962517563114954	2715	2526
CST	0.3422475106685633	0.21418412449316115	0.47031089684396543	0.10650115716389648	0.07908274348130975	0.1339195708464832	187	488
CTX	0.03310785101255655	0.02217813439854597	0.044037567626567124	0.06172349986782977	0.03832453666076323	0.0851224630748963	1087	972
CXM	0.061471861471861476	0.03586212923438114	0.08708159370934182	0.026826463010673533	0.009686171285284928	0.04396675473606214	1155	1044
CZA	0.04	-0.07105780420791194	0.15105780420791196	0.11666666666666667	0.024118496493406708	0.20921483683992664	46	60
DCS	0.3910256410256411	0.2938689701914837	0.48818231185979843	0.15744680851063828	0.10266448366108333	0.21222913336019322	64	235
EMB	0.13341638799641553	0.11595713037466496	0.1508756456181661	0.0923100995441468	0.08503732181125785	0.09958287727703576	1514	7659
ERY	0.08864468864468864	0.054246192487825064	0.12304318480155221	0.044532803180914515	0.031170850970635516	0.057894755391193514	1365	2515
ETO	0.18797979797979797	0.09647818088252129	0.27948141507707464	0.20588235294117646	0.11188446114055052	0.2998802447418024	224	340
ETP	0.03741007194244604	0.027624642004917162	0.04719550187997492	0.04644487932159165	0.0206712201255494	0.0722185385176339	695	732
FA	0.20155038759689922	0.13342674576462638	0.26967402942917207	0.04035040863201752	0.023634695623407823	0.057066121640627215	213	967
FEP	0.056732847449107816	0.043738530009682114	0.06972716488853352	0.10749717896637327	0.08239662107339925	0.13259773685934728	1727	1051
FIS	0.0686315789473684	0.029880251268052695	0.10738290662668412	0.03188405797101449	0.015539169084789532	0.048228946857239455	378	690
FOX	0.06069623806850084	0.04251068172690048	0.07888179441010121	0.07877237851662404	0.05550140914959876	0.10204334788364933	1367	1955
GEN	0.07024748383332521	0.06645403608532223	0.0740409315813282	0.0732218614235316	0.05946596140501073	0.08697776144205246	3929	6856
INH	0.2151898734177215	0.20421415299250187	0.22616559384294113	0.04227108228771971	0.03383230011077301	0.05070986446466641	3555	6884
IPM	0.05669291338582677	0.049190222595834575	0.06419560417581897	0.03580246913580247	0.023729215163213524	0.047875723108391416	1905	3240
KAN	0.1865191146881288	0.09924946942838314	0.27378875994787444	0.07125890220601008	0.042432201111016116	0.10008560330100405	354	1516
LVX	0.052540337236681986	0.0409514203365653	0.06412925413679868	0.11776864357017028	0.09183909979417199	0.14369818734616857	3559	654
LZD	0.014285714285714285	-0.02537778721711141	0.05394921578853998	0.058064516129032254	0.005840910170686886	0.11028812208737762	66	155
MEM	0.09117620614626602	0.06907068709617105	0.113281725196361	0.047757292239955965	0.039719424689639245	0.055795159790272685	1667	2764
MET	0.01206896551724138	-0.00013547221536443568	0.024273403249847194	0.02477017364657814	0.009501131980144384	0.0400392153130119	580	444
MXF	0.16072874493927128	0.132850275684084	0.18860721419445856	0.06658622908622909	0.04070296294369919	0.092469495228759	193	556
NAL	0.16619718309859155	0.10146712096657094	0.23092724523061214	0.06281119189248732	0.04020552942868305	0.0854168543562916	355	1783
NAM	0.175	-0.001964347122784371	0.35196434712278435	0.24444444444444446	0.05372945812142979	0.4351594307674591	41	42
NIT	0.08176798661461239	0.05596937393940371	0.10756659928982107	0.2683712121212121	0.2359177783190027	0.30082464592342156	820	164
NOR	0.1514285714285714	0.026392392950767618	0.2764647499063752	0.042105263157894736	0.012879525208444223	0.07133100110734525	73	95
OFX	0.24183627317955675	0.17586003673846576	0.30781250962064777	0.16690647482014387	0.09934683848328231	0.23446611115700544	331	695
OXA	0.1108695652173913	0.040194277586205945	0.18154485284857666	0.09824561403508772	0.030052225486369863	0.16643900258380556	117	285
PAS	0.37272727272727274	0.2113070062067508	0.5341475392477947	0.1284175084175084	0.057527061966780285	0.19930795486823652	51	273
PEN	0.05277692752440229	0.031478010981123766	0.07407584406768081	0.11682569674067075	0.08614278371150431	0.14750860976983718	1213	728
PZA	0.16577540106951874	0.13001836756463722	0.20153243457440026	0.08756497623925191	0.0759945052391022	0.09913544723940163	935	5356
RIF	0.13376932367149758	0.10666177871793808	0.16087686862505707	0.03660895527093219	0.03287054036326526	0.04034737017859912	2878	8659
SAM	0.03804332715477294	0.02692915516570026	0.04915749914384562	0.10909956215495908	0.07486161556182747	0.1433375087480907	2077	513
SPT	0.048275862068965524	-0.01665781683960143	0.11320954097753247	0.11298701298701297	0.044245769600164325	0.1817282563738616	145	107
STR	0.1616216216216216	0.13082816721799018	0.19241507602525304	0.07804373594931535	0.06416514593204171	0.09192232596658899	1850	3498
SXT	0.06237515828632514	0.060072085496086475	0.0646782310765638	0.08004021912488732	0.0664656534835281	0.09361478476624653	5980	3798
TEL	0.04444444444444444	-0.03112082007313967	0.12000970896202855	0.06818181818181819	0.036532863846692076	0.0998307725169443	44	161
TET	0.08406314182555903	0.07512858384045586	0.09299769981066221	0.0980847951491701	0.08841195302355744	0.10775763727478276	4461	4119
TGC	0.07863247863247864	0.059648238596938144	0.09761671866801915	0.13975903614457832	0.1278536860840698	0.15166438620508685	585	1245
TIM	0.05714285714285714	-0.10151114886844564	0.2157968631541599	0.016666666666666666	-0.029607418419963314	0.06294075175329665	37	118
TIO	0.045	0.01902873415791076	0.07097126584208924	0.02249439365188891	0.012676939417910343	0.032311847885867474	200	933
TMO	0.0	0.0	0.0	0.016666666666666666	-0.01167030752742737	0.0450036408607607	50	119
TMP	0.21711621711621715	0.1644351165229922	0.2697973177094421	0.11447938026885396	0.08377144958991217	0.14518731094779574	387	664
TOB	0.07208869841637548	0.06054717555562519	0.08363022127712577	0.08574224992010228	0.06674635598325762	0.10473814385694694	2788	2239
TZP	0.14177785791561487	0.10888604010600814	0.1746696757252216	0.06959316903131116	0.056603295287271586	0.08258304277535072	1178	2558
VAN	0.06779272234386405	0.0483859491379014	0.0871994955498267	0.08354443967367968	0.056702579671617986	0.11038629967574137	693	682
all	0.0815708994430936	0.0799696173754132	0.08317218151077402	0.06614980119445431	0.06313337349359423	0.06916622889531439	81328	113545
