Species	Antibiotic	F1	CI_Low	CI_High	VME	CI_Low	CI_High	ME	CI_Low	CI_High
ALL	ALL	0.9254873010184894	0.9239097433264626	0.9270648587105162	0.0815708994430936	0.0799696173754132	0.08317218151077402	0.06614980119445431	0.06313337349359423	0.06916622889531439
ALL	AMC	0.8529101903717994	0.8423594169898508	0.8634609637537479	0.17617733990147783	0.11355019554853428	0.23880448425442136	0.10550059718543907	0.0849811235527629	0.12602007081811523
ALL	AMK	0.9022122893647341	0.8963199089878536	0.9081046697416145	0.14345635321873948	0.11243747782258294	0.17447522861489603	0.054661324832349686	0.042375159399000446	0.06694749026569893
ALL	AMP	0.9527938261329443	0.9423899608239055	0.9631976914419831	0.035663673821904746	0.02564895304161839	0.0456783946021911	0.060179141213263045	0.047985557420800726	0.07237272500572536
ALL	AMX	0.8597662373014827	0.829184527959907	0.8903479466430584	0.15063291139240506	0.10049754343690263	0.20076827934790747	0.12931334959916346	0.10042387393322262	0.1582028252651043
ALL	ATM	0.9210754669878062	0.9076243496142125	0.9345265843613999	0.027028785168320052	0.022621508866574644	0.03143606147006546	0.1360824742268041	0.10294878793059796	0.16921616052301025
ALL	AZM	0.9491043758777856	0.9258423613132842	0.972366390442287	0.06304347826086956	0.006262496824757935	0.11982445969698119	0.03757575757575758	0.029332274173839316	0.04581924097767585
ALL	CAP	0.844147931147225	0.8251559427946598	0.8631399194997902	0.1750231267345051	0.1073594414552733	0.24268681201373687	0.10428571428571429	0.08202462927820922	0.12654679929321935
ALL	CAZ	0.9379222079208468	0.9302993884837899	0.9455450273579037	0.043712692471381646	0.040046459899602434	0.04737892504316086	0.07704605836537944	0.06365539545905792	0.09043672127170095
ALL	CEF	0.893379578842841	0.8428950211552861	0.9438641365303959	0.1539039039039039	0.07111549227945184	0.23669231552835596	0.05418894830659536	0.0052053575365075475	0.10317253907668317
ALL	CFM	0.9366056424697742	0.9159541718628963	0.9572571130766521	0.07638383838383837	0.05423113650554853	0.09853654026212821	0.024719013294174797	0.009052560739663918	0.04038546584868567
ALL	CFZ	0.8834770405465608	0.8393243630673269	0.9276297180257947	0.049255285073670725	0.01993986217071999	0.07857070797662147	0.09448275862068964	0.025781198990707077	0.1631843182506722
ALL	CHL	0.921245055829292	0.9143352162161272	0.9281548954424567	0.08041237113402061	0.0631196320364605	0.09770511023158072	0.043994872499198825	0.0381801181563922	0.049809626842005454
ALL	CIP	0.950114107230009	0.9460598368812071	0.9541683775788109	0.04912426870724225	0.04048320236070535	0.05776533505377915	0.05064635540409307	0.04459692154189013	0.05669578926629601
ALL	CLI	0.920867413087981	0.8997864866250426	0.9419483395509195	0.10512032770097286	0.0824325063068938	0.12780814909505192	0.04325799285231334	0.02239206416597021	0.06412392153865647
ALL	CLR	0.9841995841995843	0.9662901452078908	1.002109023191278	0.010526315789473684	-0.018699422159976824	0.03975205373892419	0.021052631578947368	-0.014741441087276676	0.05684670424517141
ALL	CPM	1.0	1.0	1.0	0.0	0.0	0.0	0.0	0.0	0.0
ALL	CRO	0.9787908245255432	0.9754989751867165	0.98208267386437	0.019152854511970536	0.011814091358473444	0.026491617665467627	0.023356944390091183	0.01775137121706741	0.028962517563114954
ALL	CST	0.7799306444216347	0.7202420336515251	0.8396192551917444	0.3422475106685633	0.21418412449316115	0.47031089684396543	0.10650115716389648	0.07908274348130975	0.1339195708464832
ALL	CTX	0.9531596442605119	0.939041272650619	0.9672780158704049	0.03310785101255655	0.02217813439854597	0.044037567626567124	0.06172349986782977	0.03832453666076323	0.0851224630748963
ALL	CXM	0.9549306369628472	0.939268443571777	0.9705928303539174	0.061471861471861476	0.03586212923438114	0.08708159370934182	0.026826463010673533	0.009686171285284928	0.04396675473606214
ALL	CZA	0.9148061457992809	0.8516385218262348	0.977973769772327	0.04	-0.07105780420791194	0.15105780420791196	0.11666666666666667	0.024118496493406708	0.20921483683992664
ALL	DCS	0.7104764535162583	0.6698079801391515	0.7511449268933651	0.3910256410256411	0.2938689701914837	0.48818231185979843	0.15744680851063828	0.10266448366108333	0.21222913336019322
ALL	EMB	0.8406911253398649	0.8347900464663404	0.8465922042133894	0.13341638799641553	0.11595713037466496	0.1508756456181661	0.0923100995441468	0.08503732181125785	0.09958287727703576
ALL	ERY	0.9340277142473654	0.9161797335205941	0.9518756949741367	0.08864468864468864	0.054246192487825064	0.12304318480155221	0.044532803180914515	0.031170850970635516	0.057894755391193514
ALL	ETO	0.7961521813767948	0.7228351095777832	0.8694692531758064	0.18797979797979797	0.09647818088252129	0.27948141507707464	0.20588235294117646	0.11188446114055052	0.2998802447418024
ALL	ETP	0.9579387683962493	0.9456598246554764	0.9702177121370221	0.03741007194244604	0.027624642004917162	0.04719550187997492	0.04644487932159165	0.0206712201255494	0.0722185385176339
ALL	FA	0.8817906756286378	0.84354003526831	0.9200413159889655	0.20155038759689922	0.13342674576462638	0.26967402942917207	0.04035040863201752	0.023634695623407823	0.057066121640627215
ALL	FEP	0.9190157422274924	0.9151708430956663	0.9228606413593184	0.056732847449107816	0.043738530009682114	0.06972716488853352	0.10749717896637327	0.08239662107339925	0.13259773685934728
ALL	FIS	0.9507186037782663	0.9420585732754367	0.9593786342810959	0.0686315789473684	0.029880251268052695	0.10738290662668412	0.03188405797101449	0.015539169084789532	0.048228946857239455
ALL	FOX	0.9268898954362929	0.9171326657192864	0.9366471251532993	0.06069623806850084	0.04251068172690048	0.07888179441010121	0.07877237851662404	0.05550140914959876	0.10204334788364933
ALL	GEN	0.9230538294664316	0.9142495010152698	0.9318581579175933	0.07024748383332521	0.06645403608532223	0.0740409315813282	0.0732218614235316	0.05946596140501073	0.08697776144205246
ALL	INH	0.8833685150069815	0.8731677235888908	0.8935693064250723	0.2151898734177215	0.20421415299250187	0.22616559384294113	0.04227108228771971	0.03383230011077301	0.05070986446466641
ALL	IPM	0.9533725892675726	0.9458744602895603	0.9608707182455849	0.05669291338582677	0.049190222595834575	0.06419560417581897	0.03580246913580247	0.023729215163213524	0.047875723108391416
ALL	KAN	0.8549124725293666	0.8152054323597162	0.8946195126990171	0.1865191146881288	0.09924946942838314	0.27378875994787444	0.07125890220601008	0.042432201111016116	0.10008560330100405
ALL	LVX	0.8882028301941333	0.871183090807151	0.9052225695811156	0.052540337236681986	0.0409514203365653	0.06412925413679868	0.11776864357017028	0.09183909979417199	0.14369818734616857
ALL	LZD	0.9482391649398707	0.9105051008629812	0.9859732290167602	0.014285714285714285	-0.02537778721711141	0.05394921578853998	0.058064516129032254	0.005840910170686886	0.11028812208737762
ALL	MEM	0.9315371463663821	0.9224883881047755	0.9405859046279886	0.09117620614626602	0.06907068709617105	0.113281725196361	0.047757292239955965	0.039719424689639245	0.055795159790272685
ALL	MET	0.9820776243011217	0.9737437547926152	0.9904114938096281	0.01206896551724138	-0.00013547221536443568	0.024273403249847194	0.02477017364657814	0.009501131980144384	0.0400392153130119
ALL	MXF	0.8826007100846534	0.8523261786936472	0.9128752414756595	0.16072874493927128	0.132850275684084	0.18860721419445856	0.06658622908622909	0.04070296294369919	0.092469495228759
ALL	NAL	0.8639215258510564	0.8240564097974357	0.9037866419046772	0.16619718309859155	0.10146712096657094	0.23092724523061214	0.06281119189248732	0.04020552942868305	0.0854168543562916
ALL	NAM	0.7907452454666076	0.6270106409809939	0.9544798499522213	0.175	-0.001964347122784371	0.35196434712278435	0.24444444444444446	0.05372945812142979	0.4351594307674591
ALL	NIT	0.8080641903067864	0.7787619578278063	0.8373664227857666	0.08176798661461239	0.05596937393940371	0.10756659928982107	0.2683712121212121	0.2359177783190027	0.30082464592342156
ALL	NOR	0.9072002231232814	0.8527072856493105	0.9616931605972523	0.1514285714285714	0.026392392950767618	0.2764647499063752	0.042105263157894736	0.012879525208444223	0.07133100110734525
ALL	OFX	0.7875678524571019	0.7224208222664267	0.8527148826477772	0.24183627317955675	0.17586003673846576	0.30781250962064777	0.16690647482014387	0.09934683848328231	0.23446611115700544
ALL	OXA	0.8813197846521653	0.8134762743767914	0.9491632949275393	0.1108695652173913	0.040194277586205945	0.18154485284857666	0.09824561403508772	0.030052225486369863	0.16643900258380556
ALL	PAS	0.7206860216647502	0.6431641157067739	0.7982079276227264	0.37272727272727274	0.2113070062067508	0.5341475392477947	0.1284175084175084	0.057527061966780285	0.19930795486823652
ALL	PEN	0.9176161369249515	0.8959226067893835	0.9393096670605194	0.05277692752440229	0.031478010981123766	0.07407584406768081	0.11682569674067075	0.08614278371150431	0.14750860976983718
ALL	PZA	0.8271462019756772	0.8195798537299457	0.8347125502214088	0.16577540106951874	0.13001836756463722	0.20153243457440026	0.08756497623925191	0.0759945052391022	0.09913544723940163
ALL	RIF	0.9180562828522397	0.9100327681658348	0.9260797975386447	0.13376932367149758	0.10666177871793808	0.16087686862505707	0.03660895527093219	0.03287054036326526	0.04034737017859912
ALL	SAM	0.9193855355722793	0.8985666438681315	0.9402044272764272	0.03804332715477294	0.02692915516570026	0.04915749914384562	0.10909956215495908	0.07486161556182747	0.1433375087480907
ALL	SPT	0.92213601964316	0.8739122296053679	0.9703598096809523	0.048275862068965524	-0.01665781683960143	0.11320954097753247	0.11298701298701297	0.044245769600164325	0.1817282563738616
ALL	STR	0.881387896718049	0.8683700862732731	0.8944057071628249	0.1616216216216216	0.13082816721799018	0.19241507602525304	0.07804373594931535	0.06416514593204171	0.09192232596658899
ALL	SXT	0.9273639224367279	0.9222739861668101	0.9324538587066458	0.06237515828632514	0.060072085496086475	0.0646782310765638	0.08004021912488732	0.0664656534835281	0.09361478476624653
ALL	TEL	0.9124148491491375	0.8655593558027971	0.9592703424954779	0.04444444444444444	-0.03112082007313967	0.12000970896202855	0.06818181818181819	0.036532863846692076	0.0998307725169443
ALL	TET	0.9090343915619605	0.901710161171293	0.9163586219526281	0.08406314182555903	0.07512858384045586	0.09299769981066221	0.0980847951491701	0.08841195302355744	0.10775763727478276
ALL	TGC	0.868683905967066	0.8574616196588289	0.8799061922753031	0.07863247863247864	0.059648238596938144	0.09761671866801915	0.13975903614457832	0.1278536860840698	0.15166438620508685
ALL	TIM	0.9638743961352656	0.9013983659664613	1.02635042630407	0.05714285714285714	-0.10151114886844564	0.2157968631541599	0.016666666666666666	-0.029607418419963314	0.06294075175329665
ALL	TIO	0.9555670629490226	0.9471306189117148	0.9640035069863304	0.045	0.01902873415791076	0.07097126584208924	0.02249439365188891	0.012676939417910343	0.032311847885867474
ALL	TMO	0.9862208713272544	0.9627933425102527	1.0096484001442563	0.0	0.0	0.0	0.016666666666666666	-0.01167030752742737	0.0450036408607607
ALL	TMP	0.8356264031053154	0.7971763049730896	0.8740765012375413	0.21711621711621715	0.1644351165229922	0.2697973177094421	0.11447938026885396	0.08377144958991217	0.14518731094779574
ALL	TOB	0.9209024100134459	0.9123840242300176	0.9294207957968741	0.07208869841637548	0.06054717555562519	0.08363022127712577	0.08574224992010228	0.06674635598325762	0.10473814385694694
ALL	TZP	0.893288286139897	0.881767672174707	0.904808900105087	0.14177785791561487	0.10888604010600814	0.1746696757252216	0.06959316903131116	0.056603295287271586	0.08258304277535072
ALL	VAN	0.9243698100788336	0.9030147746185072	0.9457248455391599	0.06779272234386405	0.0483859491379014	0.0871994955498267	0.08354443967367968	0.056702579671617986	0.11038629967574137
Acinetobacter baumannii	ALL	0.93031636187245	0.9230650137032306	0.9375677100416695	0.027459284574594102	0.022761954212286502	0.0321566149369017	0.12241955102722454	0.11410529582521745	0.13073380622923164
Acinetobacter baumannii	AMK	0.8879459285418628	0.8635714321973934	0.9123204248863322	0.07725778732545649	0.05509149839159082	0.09942407625932216	0.14982867863050492	0.10751761391582196	0.19213974334518788
Acinetobacter baumannii	CAZ	0.9310454441491494	0.8978895272477494	0.9642013610505493	0.01803882432536754	0.010065284972643118	0.02601236367809196	0.12364707756012103	0.027965272553790638	0.21932888256645142
Acinetobacter baumannii	CIP	0.9282154161541796	0.8655501419007989	0.9908806904075602	0.0018128203964977545	-0.0015553665790167745	0.0051810073720122835	0.20706293706293705	0.01382595051747676	0.40029992360839733
Acinetobacter baumannii	GEN	0.9051944327044623	0.8709841109246489	0.9394047544842757	0.011292991930103921	0.002452710697328199	0.020133273162879644	0.227093174552852	0.15921127856069306	0.29497507054501093
Acinetobacter baumannii	IPM	0.9487295021671823	0.9418459576743465	0.9556130466600181	0.04811875005238849	0.031239751388855805	0.06499774871592118	0.05425736857430056	0.032449057845722745	0.07606567930287837
Acinetobacter baumannii	LVX	0.9028449853807301	0.8774479445578844	0.9282420262035758	0.02757615753075175	0.018654132400136123	0.036498182661367375	0.1161092530657748	0.04072316284391511	0.19149534328763448
Acinetobacter baumannii	MEM	0.9507246692561218	0.9177739587209088	0.9836753797913347	0.023587178642917993	-0.0026896457678350673	0.04986400305367106	0.08255787264738672	0.005929334896208283	0.15918641039856515
Acinetobacter baumannii	SAM	0.9359721581961844	0.9037966349053145	0.9681476814870543	0.08932858132858133	0.05048750768581269	0.12816965497134997	0.034516541659398804	0.0002575538944139949	0.06877552942438361
Acinetobacter baumannii	SXT	0.8651957513686744	0.8271168569394398	0.9032746457979091	0.00915187710271953	0.0024899531173796204	0.01581380108805944	0.3066338854382333	0.21864339316590625	0.3946243777105603
Acinetobacter baumannii	TET	0.9313503823191047	0.894815831339498	0.9678849332987114	0.02254217587850122	0.005287238141433372	0.03979711361556907	0.1251143009037746	0.053193438721468866	0.19703516308608032
Acinetobacter baumannii	TOB	0.892730619240685	0.8612297494885095	0.9242314889928605	0.053317109676175554	0.02567326950029439	0.08096094985205672	0.17388771781797302	0.12619503959118125	0.2215803960447648
Campylobacter coli	ALL	0.93471302400202	0.922977214446142	0.9464488335578981	0.042834406578177484	0.032432827400847554	0.05323598575550741	0.07117669968237199	0.06088800989238871	0.08146538947235527
Campylobacter coli	AZM	0.9422744505097447	0.8847658315986793	0.9997830694208101	0.07439096850861557	-0.03913356601962338	0.1879155030368545	0.03595729591934525	0.004499789630522895	0.06741480220816762
Campylobacter coli	CIP	0.9196862932857455	0.878295516621058	0.961077069950433	0.070062324929972	-0.003397916232977638	0.14352256609292163	0.07349607234198027	0.044156870681994226	0.10283527400196632
Campylobacter coli	CLI	0.8935251090998262	0.8459873545225172	0.9410628636771352	0.1500793650793651	0.08417177676052624	0.21598695339820395	0.06105748605748605	0.008679388748833068	0.11343558336613904
Campylobacter coli	ERY	0.9670565911402955	0.917579041664315	1.016534140616276	0.052884615384615384	-0.013589351536615106	0.11935858230584587	0.010797237915881983	-0.009568646030797583	0.03116312186256155
Campylobacter coli	GEN	0.9196436219319641	0.8481953205226622	0.9910919233412661	0.028717948717948714	-0.020315995012811665	0.07775189244870909	0.0658369490033327	-0.015718347933400864	0.14739224594006628
Campylobacter coli	NAL	0.8090093813985313	0.7452138696157182	0.8728048931813444	0.0419047619047619	-0.03680283505731838	0.12061235886684218	0.253497442455243	0.18235370902370202	0.32464117588678404
Campylobacter coli	TEL	0.9124148491491375	0.8655593558027971	0.9592703424954779	0.04444444444444444	-0.03112082007313967	0.12000970896202855	0.06818181818181819	0.036532863846692076	0.0998307725169443
Campylobacter coli	TET	0.967480594896788	0.93337709244282	1.001584097350756	0.004347826086956522	-0.007723674370425212	0.016419326544338256	0.08497076023391811	0.01187773646816749	0.15806378399966875
Campylobacter jejuni	ALL	0.9820752505923899	0.971088868897892	0.9930616322868877	0.020815900106355225	-0.005215919590921495	0.04684771980363195	0.014819139114258492	0.004283505563021352	0.025354772665495632
Campylobacter jejuni	CIP	0.9734999235994064	0.9377718500650833	1.0092279971337295	0.06291643139469226	-0.02301781554652714	0.14885067833591165	0.0044449932090381535	-0.0031132437388230313	0.012003230156899337
Campylobacter jejuni	NAL	0.965026893715747	0.9241669583773026	1.0058868290541914	0.014285714285714285	-0.02537778721711141	0.05394921578853998	0.028649644928714697	-0.003938330226017556	0.06123762008344695
Campylobacter jejuni	TET	0.985106782226658	0.9726763144483074	0.9975372500050087	0.008509755085097551	-0.006925115117637298	0.0239446252878324	0.022637292464878674	-0.003220034712765378	0.048494619642522725
Clostridioides difficile	ALL	0.9665747998969161	0.9538214843101427	0.9793281154836895	0.03767488651699178	0.003820259618608976	0.07152951341537458	0.02947737259601666	0.01692958271313335	0.04202516247889997
Clostridioides difficile	AZM	0.9878447478447479	0.9670695786195348	1.0086199170699608	0.01111111111111111	-0.0197382789466422	0.04196050116886442	0.011764705882352941	-0.020899354178797624	0.044428765943503506
Clostridioides difficile	CLR	0.9841995841995843	0.9662901452078908	1.002109023191278	0.010526315789473684	-0.018699422159976824	0.03975205373892419	0.021052631578947368	-0.014741441087276676	0.05684670424517141
Clostridioides difficile	MXF	0.9236039575319761	0.8865978101336945	0.9606101049302577	0.09260835913312693	0.004884215372424602	0.18033250289382924	0.05890522875816993	0.007168731565122828	0.11064172595121702
Enterobacter cloacae	ALL	0.8230509788057404	0.79303624381119	0.8530657138002908	0.10329038029768438	0.07476320425385959	0.13181755634150918	0.2553235425685497	0.19882883563034554	0.3118182495067539
Enterobacter cloacae	CIP	0.7997360026135432	0.714102962092259	0.8853690431348273	0.15194626892902754	0.07889502637706972	0.22499751148098537	0.2411483253588517	0.12438131605372664	0.35791533466397674
Enterobacter cloacae	GEN	0.8138896045966968	0.7330178373784344	0.8947613718149592	0.12082348137611296	0.0011951086914614856	0.24045185406076441	0.22099455628318107	0.13063276827928605	0.3113563442870761
Enterobacter cloacae	IPM	0.8520602983956722	0.772460634055915	0.9316599627354294	0.2849376114081996	0.09678164183649851	0.47309358097990073	0.04126838300751344	-0.0043387319883014044	0.08687549800332828
Enterobacter cloacae	LVX	0.8234678128947905	0.7226611329936903	0.9242744927958908	0.1515204678362573	-0.0029383517268646575	0.3059792873993793	0.15743589743589742	0.025308195101569536	0.2895635997702253
Enterobacter cloacae	TGC	0.7065047678394821	0.6700952979777633	0.7429142377012009	0.055335497835497835	-0.0026070706367227123	0.11327806630771839	0.5659670008354218	0.4961849770318696	0.6357490246389741
Enterobacter cloacae	TOB	0.8532117108897295	0.7383216415208971	0.9681017802585619	0.11228438228438228	-0.005245909964737491	0.22981467453350207	0.16833333333333333	-0.011838725574719378	0.34850539224138605
Enterobacter cloacae	TZP	0.5664829966211964	0.45576239862590684	0.6772035946164859	0.04231168377294633	0.011521104566136052	0.07310226297975661	0.8107905982905983	0.6190685803090581	1.0025126162721385
Enterococcus faecium	ALL	0.9443139697814156	0.9340081834685071	0.954619756094324	0.03736115737873629	0.026872727645031808	0.04784958711244078	0.07728412885788395	0.05828691340618629	0.09628134430958162
Enterococcus faecium	AMP	0.9550361028080075	0.9386179005662963	0.9714543050497187	0.009848223166745993	0.00543322778613582	0.014263218547356167	0.09147619047619047	0.056162801940767004	0.12678957901161395
Enterococcus faecium	GEN	0.9329769850097993	0.8431316778689465	1.0228222921506522	0.02857142857142857	-0.05075557443422282	0.10789843157707996	0.08361111111111111	-0.0343676411367924	0.20158986335901463
Enterococcus faecium	LZD	0.9482391649398707	0.9105051008629812	0.9859732290167602	0.014285714285714285	-0.02537778721711141	0.05394921578853998	0.058064516129032254	0.005840910170686886	0.11028812208737762
Enterococcus faecium	STR	0.9888544891640867	0.9579095901587862	1.0197993881693872	0.02	-0.03552890210395597	0.07552890210395598	0.0	0.0	0.0
Enterococcus faecium	VAN	0.9243698100788336	0.9030147746185072	0.9457248455391599	0.06779272234386405	0.0483859491379014	0.0871994955498267	0.08354443967367968	0.056702579671617986	0.11038629967574137
Escherichia coli	ALL	0.8871742574004038	0.8821772413295409	0.8921712734712667	0.15054194840877239	0.13977275646509899	0.1613111403524458	0.0777625020252525	0.07331298249722153	0.08221202155328348
Escherichia coli	AMC	0.7617163091966666	0.7353167372503499	0.7881158811429833	0.2789594415428295	0.16358798076126635	0.3943309023243926	0.18415159134402498	0.14287487563851117	0.22542830704953878
Escherichia coli	AMK	0.8412428064909715	0.7669248412506876	0.9155607717312554	0.3543686705451411	0.1611551548606978	0.5475821862295844	0.01759410573364062	-0.005462616795042143	0.040650828262323385
Escherichia coli	AMP	0.8973844995791657	0.8824250712481669	0.9123439279101644	0.047594460942083784	0.03037726837603479	0.06481165350813278	0.17201683716955563	0.14629961780902065	0.1977340565300906
Escherichia coli	AMX	0.8358265020209862	0.7999630324859442	0.8716899715560281	0.14747773205915204	0.10272794690406015	0.19222751721424394	0.17618693408463443	0.12877898877049565	0.2235948793987732
Escherichia coli	ATM	0.9345493010278634	0.9190633606388346	0.9500352414168921	0.11468565349379303	0.07993732808336773	0.14943397890421833	0.02182474522376	0.0038056166862297618	0.03984387376129024
Escherichia coli	CAZ	0.9076622825086307	0.8794457863795989	0.9358787786376624	0.1588214481069909	0.11213579777686314	0.20550709843711865	0.040956356359817384	0.02543614130671879	0.056476571412915975
Escherichia coli	CEF	0.893379578842841	0.8428950211552861	0.9438641365303959	0.1539039039039039	0.07111549227945184	0.23669231552835596	0.05418894830659536	0.0052053575365075475	0.10317253907668317
Escherichia coli	CFZ	0.7422149879522253	0.5956127791129476	0.888817196791503	0.26723949262518687	0.0997970761984242	0.43468190905194953	0.14254689754689753	0.04192287138466046	0.24317092370913462
Escherichia coli	CHL	0.6913485236831882	0.6246999135006931	0.7579971338656833	0.18319104218992982	0.07263719039512813	0.2937448939847315	0.3955931102866542	0.3323070190929049	0.45887920148040356
Escherichia coli	CIP	0.9106764639093005	0.8927799231834284	0.9285730046351726	0.09641358641358641	0.06732735955157762	0.1254998132755952	0.07889457508641731	0.06618280718569282	0.0916063429871418
Escherichia coli	CRO	0.9028440732972355	0.8836804294237521	0.9220077171707188	0.06919520520758911	0.052769287816699664	0.08562112259847855	0.12594815223386652	0.0857513854975666	0.16614491897016642
Escherichia coli	CST	0.8095703155526964	0.742782766792054	0.8763578643133388	0.2375204678362573	0.06521413643521987	0.4098267992372947	0.13084219688569668	0.051765044306719424	0.20991934946467394
Escherichia coli	CTX	0.9421537695719804	0.9219383503835872	0.9623691887603736	0.06731862677262071	0.03961402369930244	0.09502322984593897	0.045847469611454	0.0275378547502449	0.0641570844726631
Escherichia coli	CXM	0.89216245886343	0.8613729821359437	0.9229519355909164	0.2518024169273013	0.1559396263519483	0.34766520750265434	0.015731686903631838	0.0018601413470481828	0.02960323246021549
Escherichia coli	CZA	0.9148061457992809	0.8516385218262348	0.977973769772327	0.04	-0.07105780420791194	0.15105780420791196	0.11666666666666667	0.024118496493406708	0.20921483683992664
Escherichia coli	ETP	0.9337258659095384	0.8891596082374125	0.9782921235816644	0.15782051282051282	0.07791606089578142	0.23772496474524424	0.009767049793230658	-0.001961372966640229	0.021495472553101545
Escherichia coli	FEP	0.9215529626390409	0.8912307685001737	0.951875156777908	0.16374577938926665	0.09097554967231024	0.23651600910622306	0.018296166492635137	0.0030144854226274807	0.033577847562642794
Escherichia coli	FOX	0.9073381637008591	0.8705762235739708	0.9441001038277473	0.11582193030468893	0.018334868515969965	0.2133089920934079	0.06940208622758019	0.017842925098591804	0.12096124735656857
Escherichia coli	GEN	0.8297165772480743	0.8128657960478286	0.8465673584483201	0.203016848016848	0.1685450410480906	0.2374886549856054	0.10279967663485987	0.09024255075258816	0.11535680251713157
Escherichia coli	IPM	0.8833975173378287	0.8654775950967293	0.9013174395789281	0.22166666666666668	0.11681730929903955	0.3265160240342938	0.024046123501686206	0.008365747184033562	0.039726499819338845
Escherichia coli	LVX	0.7837473470913369	0.6893849557126407	0.878109738470033	0.16029297561318437	0.08784626839407345	0.2327396828322953	0.16803184431667403	0.03950960175500598	0.29655408687834206
Escherichia coli	MEM	0.8785271614043635	0.8217383741726301	0.9353159486360969	0.3214293000127503	0.1568718184367475	0.4859867815887531	0.004926954999892703	-0.0013751986271318215	0.011229108626917228
Escherichia coli	NOR	0.9072002231232814	0.8527072856493105	0.9616931605972523	0.1514285714285714	0.026392392950767618	0.2764647499063752	0.042105263157894736	0.012879525208444223	0.07133100110734525
Escherichia coli	SAM	0.9167702220689666	0.8602618711480801	0.9732785729898532	0.0968270944741533	0.009990850821725308	0.1836633381265813	0.04603174603174603	-0.013259124813760625	0.10532261687725268
Escherichia coli	STR	0.8333266729906894	0.7143488494533042	0.9523044965280746	0.0972626058152374	-0.0017590437418518318	0.19628425537232663	0.23421245421245424	0.044281497534503944	0.4241434108904045
Escherichia coli	SXT	0.7663266246799426	0.7379882021199659	0.7946650472399194	0.1648792068146907	0.11021153539610948	0.21954687823327193	0.2871151371151371	0.24815010425876785	0.3260801699715063
Escherichia coli	TET	0.7126474791731829	0.6412551915497959	0.78403976679657	0.19355212355212353	0.1533293326897444	0.23377491441450265	0.3759499759499759	0.2671804804137245	0.48471947148622735
Escherichia coli	TGC	0.8675955167779599	0.8001321157372042	0.9350589178187155	0.10686274509803921	-0.027759598188794657	0.2414850883848731	0.032521788584908985	0.01406200976823268	0.05098156740158529
Escherichia coli	TMP	0.7975502158282899	0.7331533028914334	0.8619471287651463	0.17703295500164223	0.11696758293949339	0.23709832706379108	0.22633815240702884	0.1482603831107847	0.304415921703273
Escherichia coli	TOB	0.8676741145399305	0.8243856248021073	0.9109626042777537	0.23636121115112713	0.15423526979149324	0.318487152510761	0.04848023905497692	0.02173379233860196	0.07522668577135189
Escherichia coli	TZP	0.7948277475430328	0.7639568401336081	0.8256986549524574	0.49331174059434924	0.4198065955625796	0.5668168856261189	0.013609876202140384	0.007871814897901317	0.01934793750637945
Klebsiella aerogenes	ALL	0.8263639186900056	0.730486622999979	0.9222412143800321	0.06484848484848485	-0.02175714532485523	0.15145411502182493	0.28722943722943717	0.1299781865928353	0.444480687866039
Klebsiella aerogenes	ETP	0.8263639186900056	0.730486622999979	0.9222412143800321	0.06484848484848485	-0.02175714532485523	0.15145411502182493	0.28722943722943717	0.1299781865928353	0.444480687866039
Klebsiella pneumoniae	ALL	0.9259597428269425	0.9184792847803863	0.9334402008734987	0.035251115076849956	0.031478790154229906	0.03902343999947001	0.12342506770712627	0.1073392167868367	0.13951091862741585
Klebsiella pneumoniae	AMC	0.9143143803627675	0.8764842002494676	0.9521445604760673	0.005	-0.008882225525988992	0.018882225525988994	0.2182051282051282	0.14302875115543395	0.29338150525482243
Klebsiella pneumoniae	AMK	0.9117812927375016	0.8786208598729036	0.9449417256020997	0.13253292026636013	0.07951442842651671	0.18555141210620354	0.04375151985909689	0.02290418089743867	0.06459885882075511
Klebsiella pneumoniae	ATM	0.8599005779984455	0.8310764224577993	0.8887247335390918	0.014222018519995206	0.007882802943338822	0.02056123409665159	0.3165244157820059	0.24518180093674452	0.3878670306272673
Klebsiella pneumoniae	CAZ	0.9290717552893071	0.9139203997953727	0.9442231107832415	0.007410469696209768	0.0022763000549276026	0.012544639337491933	0.17672594285865514	0.1391962765963003	0.21425560912101
Klebsiella pneumoniae	CFZ	0.9241499385214244	0.8869175154306872	0.9613823616121615	0.02234618949317315	0.006092616450037256	0.03859976253630905	0.07803500846979108	-0.0068111437154262655	0.16288116065500843
Klebsiella pneumoniae	CIP	0.8728841626404641	0.8234425350783998	0.9223257902025284	0.007558973196353139	0.005127127501522694	0.009990818891183584	0.33151307881987035	0.20458318759700742	0.45844297004273327
Klebsiella pneumoniae	CRO	0.949867131448813	0.9307093275142438	0.9690249353833821	0.0005420054200542005	-0.0009628428754459612	0.0020468537155543622	0.1634952120383037	0.0994389642819699	0.22755145979463748
Klebsiella pneumoniae	CST	0.7314587522759443	0.6674812406559614	0.7954362638959271	0.4795424836601307	0.3887148509465525	0.5703701163737088	0.08687426299191006	0.04614568449205182	0.12760284149176832
Klebsiella pneumoniae	CTX	0.8482809409282991	0.7698690255964866	0.9266928562601116	0.010173090209834134	0.0012055068268342038	0.019140673592834063	0.3702164502164502	0.17993418322483637	0.5604987172080641
Klebsiella pneumoniae	CXM	0.9353499239659044	0.8632267486821829	1.007473099249626	0.0011976047904191617	-0.0021274791679015553	0.004522688748739879	0.19042735042735043	-0.020463333410154827	0.4013180342648557
Klebsiella pneumoniae	ETP	0.907811494399267	0.841681642313781	0.9739413464847531	0.013251748251748251	-0.00263060293745725	0.029134099440953753	0.20763493701574193	-0.006340824314119864	0.4216106983456037
Klebsiella pneumoniae	FEP	0.8938178266446737	0.8743297908413321	0.9133058624480153	0.038390181910859966	0.03168150576168802	0.045098858060031916	0.19642428428617534	0.15109187837510227	0.2417566901972484
Klebsiella pneumoniae	FOX	0.8402954429522463	0.8297596711470541	0.8508312147574386	0.0782498213973719	0.0525030317135599	0.1039966110811839	0.2507795070153706	0.20655457313600495	0.29500444089473626
Klebsiella pneumoniae	GEN	0.8830556378022459	0.8636817220790163	0.9024295535254756	0.06491640040541949	0.05188172046973458	0.0779510803411044	0.167864216232394	0.1342779024610506	0.20145053000373742
Klebsiella pneumoniae	IPM	0.9729654869985893	0.9591574302730763	0.9867735437241023	0.02761250055809582	0.010327187118126378	0.044897813998065264	0.024941655434055177	0.008977917197115798	0.04090539367099456
Klebsiella pneumoniae	LVX	0.9129787165759821	0.8920019767815373	0.9339554563704269	0.02424888684543373	0.016410640388826808	0.03208713330204065	0.13320439803828507	0.11193208129081857	0.1544767147857516
Klebsiella pneumoniae	MEM	0.9527471412263981	0.9309274342796343	0.974566848173162	0.06537945023160924	0.0287025952294178	0.10205630523380067	0.03111387935540725	0.019570328830527665	0.04265742988028683
Klebsiella pneumoniae	NIT	0.8080641903067864	0.7787619578278063	0.8373664227857666	0.08176798661461239	0.05596937393940371	0.10756659928982107	0.2683712121212121	0.2359177783190027	0.30082464592342156
Klebsiella pneumoniae	SAM	0.8615524476585495	0.818703902585923	0.9044009927311761	0.02372489610153746	0.013122982685386064	0.03432680951768886	0.2604408235442718	0.15847502860868454	0.362406618479859
Klebsiella pneumoniae	SXT	0.8676158279148847	0.8418869820624134	0.8933446737673559	0.0223402159025933	0.013217254586204277	0.03146317721898232	0.28338924827035117	0.233559296460711	0.33321920007999134
Klebsiella pneumoniae	TET	0.7626945448979429	0.7110535605827984	0.8143355292130873	0.17118851214240352	0.11155350353926685	0.2308235207455402	0.30512358805001283	0.24709420267737067	0.36315297342265496
Klebsiella pneumoniae	TGC	0.7805457537912833	0.7433968150073181	0.8176946925752485	0.08257144887812144	0.05216188238399101	0.11298101537225187	0.36419470483957384	0.295263580350861	0.4331258293282867
Klebsiella pneumoniae	TIM	0.9638743961352656	0.9013983659664613	1.02635042630407	0.05714285714285714	-0.10151114886844564	0.2157968631541599	0.016666666666666666	-0.029607418419963314	0.06294075175329665
Klebsiella pneumoniae	TMP	0.8619378079717899	0.7438033103257184	0.9800723056178613	0.18190476190476193	0.0033259915349295455	0.3604835322745943	0.0884313725490196	0.01659854236244214	0.16026420273559705
Klebsiella pneumoniae	TOB	0.9422693374132403	0.923319336653214	0.9612193381732665	0.03884371002167839	0.027076177741259026	0.05061124230209776	0.07663242921774113	0.039114147204832805	0.11415071123064946
Klebsiella pneumoniae	TZP	0.9026511006356859	0.882157713348449	0.9231444879229228	0.1119799185337494	0.07158847602830122	0.15237136103919757	0.07874752492864753	0.058616090749855576	0.09887895910743949
Mycobacterium tuberculosis	ALL	0.8680167977360578	0.8613394648639264	0.8746941306081891	0.1838081051905953	0.17276073789471957	0.194855472486471	0.07137316688212891	0.0658544438457143	0.07689188991854352
Mycobacterium tuberculosis	AMK	0.8412018860827002	0.8063563798540333	0.8760473923113671	0.27988864252278883	0.18268712006893917	0.3770901649766385	0.05533715253786224	0.028743935772832324	0.08193036930289216
Mycobacterium tuberculosis	CAP	0.844147931147225	0.8251559427946598	0.8631399194997902	0.1750231267345051	0.1073594414552733	0.24268681201373687	0.10428571428571429	0.08202462927820922	0.12654679929321935
Mycobacterium tuberculosis	CIP	0.8723536028793906	0.7902200540795575	0.9544871516792236	0.22857142857142856	0.10373374740926204	0.3534091097335951	0.04109426499670402	0.00047416057354640606	0.08171436941986164
Mycobacterium tuberculosis	DCS	0.7104764535162583	0.6698079801391515	0.7511449268933651	0.3910256410256411	0.2938689701914837	0.48818231185979843	0.15744680851063828	0.10266448366108333	0.21222913336019322
Mycobacterium tuberculosis	EMB	0.8406911253398649	0.8347900464663404	0.8465922042133894	0.13341638799641553	0.11595713037466496	0.1508756456181661	0.0923100995441468	0.08503732181125785	0.09958287727703576
Mycobacterium tuberculosis	ETO	0.7961521813767948	0.7228351095777832	0.8694692531758064	0.18797979797979797	0.09647818088252129	0.27948141507707464	0.20588235294117646	0.11188446114055052	0.2998802447418024
Mycobacterium tuberculosis	INH	0.8833685150069815	0.8731677235888908	0.8935693064250723	0.2151898734177215	0.20421415299250187	0.22616559384294113	0.04227108228771971	0.03383230011077301	0.05070986446466641
Mycobacterium tuberculosis	KAN	0.8601657732333076	0.8210268184353099	0.8993047280313052	0.1397913561847988	0.07411154553637424	0.20547116683322336	0.09704239576446934	0.057674597304497956	0.13641019422444073
Mycobacterium tuberculosis	MXF	0.8455196820093634	0.7914369962724251	0.8996023677463018	0.2192323694612024	0.14406586293546836	0.2943988759869364	0.06820142325614999	0.03728241097802165	0.09912043553427832
Mycobacterium tuberculosis	NAM	0.7907452454666076	0.6270106409809939	0.9544798499522213	0.175	-0.001964347122784371	0.35196434712278435	0.24444444444444446	0.05372945812142979	0.4351594307674591
Mycobacterium tuberculosis	OFX	0.7875678524571019	0.7224208222664267	0.8527148826477772	0.24183627317955675	0.17586003673846576	0.30781250962064777	0.16690647482014387	0.09934683848328231	0.23446611115700544
Mycobacterium tuberculosis	PAS	0.7206860216647502	0.6431641157067739	0.7982079276227264	0.37272727272727274	0.2113070062067508	0.5341475392477947	0.1284175084175084	0.057527061966780285	0.19930795486823652
Mycobacterium tuberculosis	PZA	0.8271462019756772	0.8195798537299457	0.8347125502214088	0.16577540106951874	0.13001836756463722	0.20153243457440026	0.08756497623925191	0.0759945052391022	0.09913544723940163
Mycobacterium tuberculosis	RIF	0.9140846635064627	0.9047803118587333	0.923389015154192	0.13516701472793693	0.10573568223327584	0.16459834722259803	0.041622677139683865	0.037719801786075126	0.045525552493292605
Mycobacterium tuberculosis	STR	0.8505269696639945	0.8406608450653218	0.8603930942626673	0.24642950670765576	0.20676033481420622	0.28609867860110527	0.06695895269224343	0.05351444549182405	0.08040345989266282
Neisseria gonorrhoeae	ALL	0.9464581480724906	0.9405368356358387	0.9523794605091426	0.061101979735410386	0.05403532908085612	0.06816863038996465	0.043975764312263535	0.035714374278459624	0.052237154346067446
Neisseria gonorrhoeae	AZM	0.9478136104875441	0.9206648166017233	0.9749624043733649	0.05570695695695695	0.008987274133817807	0.1024266397800961	0.04313074771248636	0.012952151257863549	0.07330934416710917
Neisseria gonorrhoeae	CFM	0.9366056424697742	0.9159541718628963	0.9572571130766521	0.07638383838383837	0.05423113650554853	0.09853654026212821	0.024719013294174797	0.009052560739663918	0.04038546584868567
Neisseria gonorrhoeae	CIP	0.9582863845520674	0.9519097716971439	0.9646629974069909	0.053889343809023306	0.03972339216766359	0.06805529545038302	0.030666313528324683	0.023281863109558924	0.03805076394709044
Neisseria gonorrhoeae	ERY	0.8404155714350617	0.7138536019143168	0.9669775409558067	0.04318181818181818	-0.031746497647728716	0.11811013401136508	0.2756410256410256	0.12068834434698619	0.43059370693506505
Neisseria gonorrhoeae	TET	0.8552065645078809	0.8257933008756833	0.8846198281400786	0.07006783595439703	0.046637042572540324	0.09349862933625373	0.2327102354194333	0.18865698552021903	0.2767634853186476
Pseudomonas aeruginosa	ALL	0.896199501042507	0.8765031902138642	0.9158958118711498	0.11646607952455945	0.08843108095989122	0.14450107808922769	0.0908168644518381	0.06988102725364659	0.11175270165002962
Pseudomonas aeruginosa	AMK	0.9050440701697642	0.8749905278769874	0.935097612462541	0.17128205128205126	0.08669226868600814	0.25587183387809437	0.030422739670799153	0.013778322064539772	0.047067157277058534
Pseudomonas aeruginosa	ATM	0.8964860139860141	0.7970996173622791	0.9958724106097492	0.07377926421404682	-0.021825208413669014	0.16938373684176267	0.12820121055415173	0.019084479692444464	0.237317941415859
Pseudomonas aeruginosa	CAZ	0.8637609862618838	0.8322491058175985	0.8952728667061691	0.1349284868022205	0.10697151782450313	0.16288545577993785	0.12379058841076888	0.06864120903930387	0.1789399677822339
Pseudomonas aeruginosa	CIP	0.8771440234077137	0.8046259866647354	0.949662060150692	0.06597359576143368	0.01727890233541657	0.11466828918745078	0.18615079365079365	0.061687013762406234	0.3106145735391811
Pseudomonas aeruginosa	FEP	0.9305518778093693	0.8890922908578625	0.9720114647608762	0.059589225589225595	0.0014101917733468777	0.11776825940510431	0.07472222222222222	-0.02978222099013912	0.17922666543458354
Pseudomonas aeruginosa	GEN	0.8781709010585015	0.8450229659039947	0.9113188362130082	0.125	0.0022973024076524406	0.24770269759234756	0.08916239316239317	0.05279363538941549	0.12553115093537087
Pseudomonas aeruginosa	IPM	0.8879830292760914	0.8165391097317117	0.9594269488204711	0.07172140120415982	0.019415399233324422	0.12402740317499522	0.15968980422069665	0.05226238546236947	0.26711722297902385
Pseudomonas aeruginosa	LVX	0.8738176849063342	0.8267851208433438	0.9208502489693245	0.14530072250503262	0.09587292733483171	0.19472851767523353	0.06013227303549884	0.043342267575596685	0.076922278495401
Pseudomonas aeruginosa	MEM	0.8561840778318759	0.8280767105190846	0.8842914451446672	0.1159348515461566	0.07070900838381158	0.1611606947085016	0.17298445807066495	0.12187690523861612	0.2240920109027138
Pseudomonas aeruginosa	TOB	0.9115926810988872	0.8601427891566497	0.9630425730411248	0.16665150364723041	0.08415281657424291	0.24915019072021793	0.030378349893269856	-0.007520958098150152	0.06827765788468987
Pseudomonas aeruginosa	TZP	0.91671096193021	0.8836507398243665	0.9497711840360534	0.07579365079365079	-0.011245699726438935	0.1628330013137405	0.0795414673046252	-0.006036604431364306	0.16511953904061472
Salmonella enterica	ALL	0.9495870707883609	0.9472179862867635	0.9519561552899584	0.0819965972726319	0.07431238876309501	0.08968080578216878	0.022205741104155727	0.020922581744815087	0.023488900463496366
Salmonella enterica	AMC	0.9494481173360911	0.9219169709908017	0.9769792636813805	0.07111627106983144	0.027366406922258113	0.11486613521740477	0.01989027836737261	0.005903656626117904	0.03387690010862732
Salmonella enterica	AMP	0.9763742739826691	0.969994662339904	0.9827538856254342	0.027102719556058003	0.01716114784182466	0.037044291270291345	0.02030115211487272	0.013068456120244955	0.02753384810950048
Salmonella enterica	CHL	0.9613260988796991	0.9502854929111899	0.9723667048482083	0.03186510852227028	0.013920495058286703	0.04980972198625386	0.024703651302328815	0.012012471179093124	0.037394831425564504
Salmonella enterica	CIP	0.920461910682749	0.9078904139439117	0.9330334074215862	0.16705922496496695	0.15541600470886355	0.17870244522107034	0.016751327656413774	0.009205651885070089	0.02429700342775746
Salmonella enterica	CRO	0.9776190101141855	0.9662450771715833	0.9889929430567878	0.05840060579016402	0.029218462230577308	0.08758274934975073	0.0027844770296053334	0.00035772049550797424	0.005211233563702693
Salmonella enterica	FIS	0.9507186037782663	0.9420585732754367	0.9593786342810959	0.0686315789473684	0.029880251268052695	0.10738290662668412	0.03188405797101449	0.015539169084789532	0.048228946857239455
Salmonella enterica	FOX	0.9101899937844425	0.8893497315698589	0.9310302559990262	0.1396599357978668	0.05572236074567517	0.22359751085005847	0.026734684770448453	0.017039050261183946	0.036430319279712964
Salmonella enterica	GEN	0.9518665637790023	0.9209259904577367	0.9828071371002678	0.09919280567140762	0.022512804753074586	0.17587280658974064	0.009874642096429465	0.0036552822282312977	0.01609400196462763
Salmonella enterica	KAN	0.7694324286787252	0.6731074280503841	0.8657574293070662	0.48	0.24116116119000156	0.7188388388099984	0.022484753232038086	0.00667025724883304	0.038299249215243136
Salmonella enterica	NAL	0.8505947887731227	0.7808885216527689	0.9203010558934764	0.3175595238095238	0.1954732794096426	0.439645768209405	0.018801077073164692	0.003702235809695635	0.03389991833663375
Salmonella enterica	SPT	0.92213601964316	0.8739122296053679	0.9703598096809523	0.048275862068965524	-0.01665781683960143	0.11320954097753247	0.11298701298701297	0.044245769600164325	0.1817282563738616
Salmonella enterica	STR	0.9087435382015399	0.8820437544032056	0.9354433219998741	0.08660659683220598	0.047370925874574345	0.12584226778983762	0.09178638038310027	0.06838316031606934	0.11518960045013121
Salmonella enterica	SXT	0.945802262120227	0.9350864164270466	0.9565181078134074	0.14517105936839447	0.1136799212356733	0.17666219750111564	0.005199887328696142	0.0028843074701445114	0.0075154671872477725
Salmonella enterica	TET	0.9339709107540397	0.9102962364501397	0.9576455850579397	0.056427387274695914	0.029117971263581316	0.08373680328581051	0.07509612122012581	0.043866429034470425	0.10632581340578119
Salmonella enterica	TIO	0.9555670629490226	0.9471306189117148	0.9640035069863304	0.045	0.01902873415791076	0.07097126584208924	0.02249439365188891	0.012676939417910343	0.032311847885867474
Salmonella enterica	TMP	0.8145098738805739	0.7483537198170476	0.8806660279441003	0.4000653594771242	0.2484436264842562	0.5516870924699921	0.029594024452024914	0.00893115155767979	0.05025689734637004
Shigella flexneri	ALL	0.9063591214960383	0.7847822425700219	1.0279360004220546	0.10222222222222221	-0.11292877574836194	0.31737322019280634	0.07728937728937728	-0.019358955179520562	0.1739377097582751
Shigella flexneri	AZM	0.9063591214960383	0.7847822425700219	1.0279360004220546	0.10222222222222221	-0.11292877574836194	0.31737322019280634	0.07728937728937728	-0.019358955179520562	0.1739377097582751
Shigella sonnei	ALL	0.9236228901035057	0.9159443745598815	0.9313014056471299	0.08175304913490802	0.06649046354848176	0.09701563472133429	0.06792690147856664	0.0532244656316716	0.08262933732546168
Shigella sonnei	AMP	0.9245999974157625	0.8700293392742671	0.9791706555572579	0.11045565523506702	0.06338512009400007	0.15752619037613397	0.04267161410018553	-0.03118882431337592	0.11653205251374699
Shigella sonnei	AZM	0.9395296577087748	0.8969628741218656	0.9820964412956841	0.09357142857142857	-0.01792816990295809	0.20507102704581523	0.03308957498548033	0.011641191792911648	0.05453795817804902
Shigella sonnei	CAZ	0.983024903024903	0.9538162597960186	1.0122335462537873	0.046753246753246755	-0.03594403566637182	0.12945052917286531	0.0	0.0	0.0
Shigella sonnei	CIP	0.8412830090603407	0.7914576335104885	0.8911083846101929	0.28004884004884	0.19555277143340621	0.3645449086642738	0.06093953665382237	0.011024642159459641	0.11085443114818509
Shigella sonnei	CPM	1.0	1.0	1.0	0.0	0.0	0.0	0.0	0.0	0.0
Shigella sonnei	CTX	1.0	1.0	1.0	0.0	0.0	0.0	0.0	0.0	0.0
Shigella sonnei	ETP	0.9743060200668896	0.9279986031011086	1.0206134370326707	0.06349206349206349	-0.05800207837317055	0.18498620535729754	0.0	0.0	0.0
Shigella sonnei	FOX	0.9866836473525611	0.9634685377510949	1.0098987569540272	0.0	0.0	0.0	0.018	-0.012917184224148313	0.04891718422414831
Shigella sonnei	GEN	0.947410547967861	0.9179801879653544	0.9768409079703675	0.041666666666666664	0.009984966379340869	0.07334836695399247	0.05248354062307551	-0.0038409996405584304	0.10880808088670946
Shigella sonnei	NAL	0.7402894765442536	0.6236700935700314	0.8569088595184757	0.13591036414565824	0.07893749900859628	0.1928832292827202	0.31370573454531475	0.145349301577306	0.48206216751332354
Shigella sonnei	STR	0.8072709235209234	0.6874949923323406	0.9270468547095063	0.025476637183954258	-0.011682372529585254	0.06263564689749376	0.40095238095238095	0.09593572760310182	0.70596903430166
Shigella sonnei	TET	0.8242276268834707	0.7464279287211321	0.9020273250458094	0.06589163524647394	0.02792747017762196	0.10385580031532593	0.29501831501831505	0.17022308760041638	0.4198135424362137
Shigella sonnei	TMO	0.9862208713272544	0.9627933425102527	1.0096484001442563	0.0	0.0	0.0	0.016666666666666666	-0.01167030752742737	0.0450036408607607
Staphylococcus aureus	ALL	0.941868755706011	0.9364096554137654	0.9473278559982566	0.09385473200165831	0.08776099211062212	0.0999484718926945	0.029974195422666196	0.02422662702578262	0.03572176381954977
Staphylococcus aureus	CIP	0.9420288347847918	0.9270555043551915	0.9570021652143922	0.07745349035671616	0.04668754197058134	0.10821943874285098	0.041070506501909694	0.019045674069300928	0.06309533893451846
Staphylococcus aureus	CLI	0.9155267539071442	0.8782539985450473	0.9527995092692412	0.08670443402397335	0.048004021029676006	0.1254048470182707	0.0752792053339249	0.011479347953716454	0.13907906271413334
Staphylococcus aureus	ERY	0.9352971435101832	0.9116784356296357	0.9589158513907308	0.12062074793289294	0.06961299955381914	0.17162849631196675	0.02363905436289386	0.004959019802266693	0.04231908892352103
Staphylococcus aureus	FA	0.8817906756286378	0.84354003526831	0.9200413159889655	0.20155038759689922	0.13342674576462638	0.26967402942917207	0.04035040863201752	0.023634695623407823	0.057066121640627215
Staphylococcus aureus	FOX	0.9971219324168059	0.9891311357630181	1.0051127290705937	0.0	0.0	0.0	0.00909090909090909	-0.016149500956343623	0.0343313191381618
Staphylococcus aureus	GEN	0.9196021089143052	0.8878593411116719	0.9513448767169385	0.19558575300038714	0.11047986626119782	0.28069163973957645	0.009727655417330722	0.004408002467931395	0.015047308366730048
Staphylococcus aureus	MET	0.9820776243011217	0.9737437547926152	0.9904114938096281	0.01206896551724138	-0.00013547221536443568	0.024273403249847194	0.02477017364657814	0.009501131980144384	0.0400392153130119
Staphylococcus aureus	OXA	0.9388489462836624	0.8669617826377185	1.0107361099296064	0.11709401709401708	-0.04269391904822896	0.27688195323626313	0.018200639939770374	-0.0054340881133003	0.041835367992841044
Staphylococcus aureus	PEN	0.8370766122786213	0.811068587550646	0.8630846370065965	0.025177611029221836	0.012890104375280974	0.0374651176831627	0.3581073896863371	0.28471466796627953	0.43150011140639466
Staphylococcus aureus	RIF	0.8369098672367421	0.7429125952825544	0.9309071391909298	0.4129870129870129	0.18972007292440216	0.6362539530496236	0.004757477493820722	-0.0035847312298473624	0.013099686217488806
Staphylococcus aureus	SXT	0.8298902055274422	0.7752265739410145	0.8845538371138699	0.2680186097427477	0.13503775390157627	0.4009994655839192	0.0860944049571715	0.028606198053931102	0.14358261186041188
Staphylococcus aureus	TET	0.882846657820045	0.8558150950434378	0.9098782205966522	0.2979234908977871	0.24411809649563435	0.35172888529993984	0.010271562946373852	0.004022745574532847	0.01652038031821486
Streptococcus pneumoniae	ALL	0.9335427090919381	0.9238926497444436	0.9431927684394327	0.08438107167598685	0.06711453826815965	0.10164760508381405	0.04980851452490323	0.04169862875893881	0.05791840029086765
Streptococcus pneumoniae	AMX	0.8907128822078951	0.7952628454620569	0.9861629189537333	0.2	0.04855494298874141	0.3514450570112586	0.027925842976234915	-0.004075034531801105	0.05992672048427093
Streptococcus pneumoniae	CHL	0.8989496033703315	0.8643975168918941	0.9335016898487688	0.18823681764858238	0.08927016288744125	0.28720347240972355	0.019740281605441796	0.014067661954782172	0.02541290125610142
Streptococcus pneumoniae	CLI	0.9097122447082135	0.8441679859546788	0.9752565034617483	0.16499999999999998	-0.09059887891567231	0.42059887891567227	0.012291399819489707	0.0009426885757896578	0.023640111063189757
Streptococcus pneumoniae	CXM	0.9473908313908315	0.8729286829374183	1.0218529798442446	0.07714285714285714	-0.0772903362069023	0.2315760504926166	0.030917874396135265	-0.02945452913832469	0.09129027793059522
Streptococcus pneumoniae	ERY	0.9302275083358127	0.9112250220878018	0.9492299945838236	0.07820254055354137	0.03949129996025954	0.11691378114682319	0.057586545369610144	0.0478120077581293	0.06736108298109099
Streptococcus pneumoniae	PEN	0.9204067540047941	0.8881460485594795	0.9526674594501087	0.07901997260267879	0.04244239475015245	0.11559755045520513	0.07983738134235029	0.038826622681923675	0.1208481400027769
Streptococcus pneumoniae	RIF	0.9901642675266963	0.9709528692290359	1.0093756658243567	0.0064516129032258064	-0.011460936162566448	0.02436416196901806	0.012343470483005367	-0.009679152303020414	0.034366093269031145
Streptococcus pneumoniae	SXT	0.9033517314191594	0.8927155079329658	0.9139879549053529	0.08204009267389142	0.06599438054719617	0.09808580480058668	0.10443250819536185	0.09168244106570272	0.11718257532502097
Streptococcus pneumoniae	TET	0.940499113865547	0.920853220815573	0.960145006915521	0.08914004656488679	0.06285334146278558	0.115426751666988	0.03476038482721181	0.019688718661778154	0.04983205099264547
Streptococcus uberis	ALL	0.7687333248580388	0.6256151095437905	0.9118515401722871	0.08333333333333333	-0.052368922267670495	0.21903558893433717	0.3428127428127429	0.10643585450999704	0.5791896311154887
Streptococcus uberis	OXA	0.7687333248580388	0.6256151095437905	0.9118515401722871	0.08333333333333333	-0.052368922267670495	0.21903558893433717	0.3428127428127429	0.10643585450999704	0.5791896311154887
